0.0000
0.0000
0.0000
0.0000
0.0000
0.0000
0.0000
0.0000
0.0000
0.0000
0.0000
0.0000
0.0000
0.0000
0.0000
0.0000
0.0000
0.0000
0.0000
0.0000
0.0000
0.0000
0.0000
0.0000
0.0000
0.0000
0.0000
0.0000
0.0000
0.0000
0.0000
0.0000
0.0000
0.0000
0.0000
0.0000
0.0000
0.0000
0.0000
0.0000
0.0000
0.0000
0.0000
0.0000
0.0000
0.0000
0.0000
0.0000
0.0000
0.0000
0.0000
0.0000
0.0000
0.0000
0.0000
0.0000
0.0000
0.0000
0.0000
0.0000
0.0000
0.0000
0.0000
0.0000
0.0000
0.0000
0.0000
0.0000
0.0000
0.0000
0.0000
0.0000
0.0000
0.0000
0.0000
0.0000
0.0000
0.0000
0.0000
0.0000
0.0000
0.0000
0.0000
0.0000
0.0000
0.0000
0.0000
0.0000
0.0000
0.0000
0.0000
0.0000
0.0000
0.0000
0.0000
0.0000
0.0000
0.0000
0.0000
0.0000
0.0000
0.0000
0.0000
0.0000
0.0000
0.0000
0.0000
0.0000
0.0000
0.0000
0.0000
0.0000
0.0000
0.0000
0.0000
0.0000
0.0000
0.0000
0.0000
0.0000
0.0000
0.0000
0.0000
0.0000
0.0000
0.0000
0.0000
0.0000
0.0000
0.0000
0.0000
0.0000
0.0000
0.0000
0.0000
0.0000
0.0000
0.0000
0.0000
0.0000
0.0000
0.0000
0.0000
0.0000
0.0000
0.0000
0.0000
0.0000
0.0000
0.0000
0.0000
0.0000
0.0000
0.0000
0.0000
0.0000
0.0000
0.0000
0.0000
0.0000
0.0000
0.0000
0.0000
0.0000
0.0000
0.0000
0.0000
0.0000
0.0000
0.0000
0.0000
0.0000
0.0000
0.0000
0.0000
0.0000
0.0000
0.0000
0.0000
0.0000
0.0000
0.0000
0.0000
0.0000
0.0000
0.0000
0.0000
0.0000
0.0000
0.0000
0.0000
0.0000
0.0000
0.0000
0.0000
0.0000
0.0000
0.0000
0.0000
0.0000
3.9167
3.7500
3.5833
3.7500
3.9167
3.7500
3.5833
3.7500
3.9167
3.7500
3.5833
3.7500
3.9167
3.7500
3.5833
3.7500
3.9167
3.7500
3.5833
3.7500
3.4167
3.2500
3.0833
3.2500
3.4167
3.2500
3.0833
3.2500
3.4167
3.2500
3.0833
3.2500
3.4167
3.2500
3.0833
3.2500
3.4167
3.2500
3.0833
3.2500
2.9167
2.7500
2.5833
2.7500
2.9167
2.7500
2.5833
2.7500
2.9167
2.7500
2.5833
2.7500
2.9167
2.7500
2.5833
2.7500
2.9167
2.7500
2.5833
2.7500
2.4167
2.2500
2.0833
2.2500
2.4167
2.2500
2.0833
2.2500
2.4167
2.2500
2.0833
2.2500
2.4167
2.2500
2.0833
2.2500
2.4167
2.2500
2.0833
2.2500
1.9167
1.7500
1.5833
1.7500
1.9167
1.7500
1.5833
1.7500
1.9167
1.7500
1.5833
1.7500
1.9167
1.7500
1.5833
1.7500
1.9167
1.7500
1.5833
1.7500
1.4167
1.2500
1.0833
1.2500
1.4167
1.2500
1.0833
1.2500
1.4167
1.2500
1.0833
1.2500
1.4167
1.2500
1.0833
1.2500
1.4167
1.2500
1.0833
1.2500
0.9167
0.7500
0.5833
0.7500
0.9167
0.7500
0.5833
0.7500
0.9167
0.7500
0.5833
0.7500
0.9167
0.7500
0.5833
0.7500
0.9167
0.7500
0.5833
0.7500
0.4167
0.2500
0.0833
0.2500
0.4167
0.2500
0.0833
0.2500
0.4167
0.2500
0.0833
0.2500
0.4167
0.2500
0.0833
0.2500
0.4167
0.2500
0.0833
0.2500
0.0000
0.0000
0.0000
0.0000
0.0000
0.0000
0.0000
0.0000
0.0000
0.0000
0.0000
0.0000
0.0000
0.0000
0.0000
0.0000
0.0000
0.0000
0.0000
0.0000
0.0000
0.0000
0.0000
0.0000
0.0000
0.0000
0.0000
0.0000
0.0000
0.0000
0.0000
0.0000
0.0000
0.0000
0.0000
0.0000
0.0000
0.0000
0.0000
0.0000
3.9167
3.7500
3.5833
3.7500
3.9167
3.7500
3.5833
3.7500
3.9167
3.7500
3.5833
3.7500
3.9167
3.7500
3.5833
3.7500
3.9167
3.7500
3.5833
3.7500
3.4167
3.2500
3.0833
3.2500
3.4167
3.2500
3.0833
3.2500
3.4167
3.2500
3.0833
3.2500
3.4167
3.2500
3.0833
3.2500
3.4167
3.2500
3.0833
3.2500
2.9167
2.7500
2.5833
2.7500
2.9167
2.7500
2.5833
2.7500
2.9167
2.7500
2.5833
2.7500
2.9167
2.7500
2.5833
2.7500
2.9167
2.7500
2.5833
2.7500
2.4167
2.2500
2.0833
2.2500
2.4167
2.2500
2.0833
2.2500
2.4167
2.2500
2.0833
2.2500
2.4167
2.2500
2.0833
2.2500
2.4167
2.2500
2.0833
2.2500
1.9167
1.7500
1.5833
1.7500
1.9167
1.7500
1.5833
1.7500
1.9167
1.7500
1.5833
1.7500
1.9167
1.7500
1.5833
1.7500
1.9167
1.7500
1.5833
1.7500
1.4167
1.2500
1.0833
1.2500
1.4167
1.2500
1.0833
1.2500
1.4167
1.2500
1.0833
1.2500
1.4167
1.2500
1.0833
1.2500
1.4167
1.2500
1.0833
1.2500
0.9167
0.7500
0.5833
0.7500
0.9167
0.7500
0.5833
0.7500
0.9167
0.7500
0.5833
0.7500
0.9167
0.7500
0.5833
0.7500
0.9167
0.7500
0.5833
0.7500
0.4167
0.2500
0.0833
0.2500
0.4167
0.2500
0.0833
0.2500
0.4167
0.2500
0.0833
0.2500
0.4167
0.2500
0.0833
0.2500
0.4167
0.2500
0.0833
0.2500
-0.0000
-0.0000
-0.0000
-0.0000
-0.0000
-0.0000
-0.0000
-0.0000
-0.0000
-0.0000
-0.0000
-0.0000
-0.0000
-0.0000
-0.0000
-0.0000
-0.0000
-0.0000
-0.0000
-0.0000
0.0000
0.0000
0.0000
-0.0000
0.0000
0.0000
0.0000
0.0000
0.0000
0.0000
-0.0000
0.0000
0.0000
0.0000
-0.0000
0.0000
0.0000
0.0000
-0.0000
0.0000
3.9167
3.7500
3.5833
3.7500
3.9167
3.7500
3.5833
3.7500
3.9167
3.7500
3.5833
3.7500
3.9167
3.7500
3.5833
3.7500
3.9167
3.7500
3.5833
3.7500
3.4167
3.2500
3.0833
3.2500
3.4167
3.2500
3.0833
3.2500
3.4167
3.2500
3.0833
3.2500
3.4167
3.2500
3.0833
3.2500
3.4167
3.2500
3.0833
3.2500
2.9167
2.7500
2.5833
2.7500
2.9167
2.7500
2.5833
2.7500
2.9167
2.7500
2.5833
2.7500
2.9167
2.7500
2.5833
2.7500
2.9167
2.7500
2.5833
2.7500
2.4167
2.2500
2.0833
2.2500
2.4167
2.2500
2.0833
2.2500
2.4167
2.2500
2.0833
2.2500
2.4167
2.2500
2.0833
2.2500
2.4167
2.2500
2.0833
2.2500
1.9167
1.7500
1.5833
1.7500
1.9167
1.7500
1.5833
1.7500
1.9167
1.7500
1.5833
1.7500
1.9167
1.7500
1.5833
1.7500
1.9167
1.7500
1.5833
1.7500
1.4167
1.2500
1.0833
1.2500
1.4167
1.2500
1.0833
1.2500
1.4167
1.2500
1.0833
1.2500
1.4167
1.2500
1.0833
1.2500
1.4167
1.2500
1.0833
1.2500
0.9167
0.7500
0.5833
0.7500
0.9167
0.7500
0.5833
0.7500
0.9167
0.7500
0.5833
0.7500
0.9167
0.7500
0.5833
0.7500
0.9167
0.7500
0.5833
0.7500
0.4167
0.2500
0.0833
0.2500
0.4167
0.2500
0.0833
0.2500
0.4167
0.2500
0.0833
0.2500
0.4167
0.2500
0.0833
0.2500
0.4167
0.2500
0.0833
0.2500
-0.0000
-0.0000
-0.0000
-0.0000
-0.0000
-0.0000
-0.0000
-0.0000
-0.0000
-0.0000
-0.0000
-0.0000
-0.0000
-0.0000
-0.0000
-0.0000
-0.0000
-0.0000
-0.0000
-0.0000
0.0000
0.0000
-0.0000
0.0000
0.0000
0.0000
-0.0000
-0.0000
0.0000
0.0000
0.0000
0.0000
0.0000
0.0000
-0.0000
0.0000
0.0000
0.0000
-0.0000
0.0000
3.9167
3.7500
3.5833
3.7500
3.9167
3.7500
3.5833
3.7500
3.9167
3.7500
3.5833
3.7500
3.9167
3.7500
3.5833
3.7500
3.9167
3.7500
3.5833
3.7500
3.4167
3.2500
3.0833
3.2500
3.4167
3.2500
3.0833
3.2500
3.4167
3.2500
3.0833
3.2500
3.4167
3.2500
3.0833
3.2500
3.4167
3.2500
3.0833
3.2500
2.9167
2.7500
2.5833
2.7500
2.9167
2.7500
2.5833
2.7500
2.9167
2.7500
2.5833
2.7500
2.9167
2.7500
2.5833
2.7500
2.9167
2.7500
2.5833
2.7500
2.4167
2.2500
2.0833
2.2500
2.4167
2.2500
2.0833
2.2500
2.4167
2.2500
2.0833
2.2500
2.4167
2.2500
2.0833
2.2500
2.4167
2.2500
2.0833
2.2500
1.9167
1.7500
1.5833
1.7500
1.9167
1.7500
1.5833
1.7500
1.9167
1.7500
1.5833
1.7500
1.9167
1.7500
1.5833
1.7500
1.9167
1.7500
1.5833
1.7500
1.4167
1.2500
1.0833
1.2500
1.4167
1.2500
1.0833
1.2500
1.4167
1.2500
1.0833
1.2500
1.4167
1.2500
1.0833
1.2500
1.4167
1.2500
1.0833
1.2500
0.9167
0.7500
0.5833
0.7500
0.9167
0.7500
0.5833
0.7500
0.9167
0.7500
0.5833
0.7500
0.9167
0.7500
0.5833
0.7500
0.9167
0.7500
0.5833
0.7500
0.4167
0.2500
0.0833
0.2500
0.4167
0.2500
0.0833
0.2500
0.4167
0.2500
0.0833
0.2500
0.4167
0.2500
0.0833
0.2500
0.4167
0.2500
0.0833
0.2500
-0.0000
-0.0000
-0.0000
-0.0000
-0.0000
-0.0000
-0.0000
-0.0000
-0.0000
-0.0000
0.0000
-0.0000
-0.0000
-0.0000
-0.0000
-0.0000
-0.0000
-0.0000
-0.0000
0.0000
0.0000
0.0000
-0.0000
0.0000
0.0000
-0.0000
-0.0000
0.0000
0.0000
0.0000
-0.0000
0.0000
0.0000
0.0000
-0.0000
-0.0000
0.0000
0.0000
-0.0000
-0.0000
